<?xml version='1.0' encoding='UTF-8'?>
<kml xmlns='http://www.opengis.net/kml/2.2'>
	<Document>
		<name>MapaKML</name>
		<description><![CDATA[]]></description>
		<Folder>
			<name>Warstwa bez nazwy</name>
			<Placemark>
				<name>50.071888 19.942148</name>
				<styleUrl>#icon-503-DB4436-nodesc</styleUrl>
				<Point>
					<coordinates>19.942147999999975,50.071888,0.0</coordinates>
				</Point>
			</Placemark>
			<Placemark>
				<name>50.074834 19.9968161</name>
				<styleUrl>#icon-503-DB4436-nodesc</styleUrl>
				<Point>
					<coordinates>19.996816099999933,50.074834,0.0</coordinates>
				</Point>
			</Placemark>
			<Placemark>
				<name>50.067177 19.947447</name>
				<styleUrl>#icon-503-DB4436-nodesc</styleUrl>
				<Point>
					<coordinates>19.94744700000001,50.067177,0.0</coordinates>
				</Point>
			</Placemark>
		</Folder>
		<Folder>
			<name>Trasa od Szlak 42, Kraków, Polska do Pawia 9, Kraków, Polska</name>
			<Placemark>
				<name>Trasa od Szlak 42, Kraków, Polska do Pawia 9, Kraków, Polska</name>
				<styleUrl>#line-1267FF-5-nodesc</styleUrl>
				<LineString>
					<tessellate>1</tessellate>
					<coordinates>19.94061,50.0717,0.0 19.94018,50.0717,0.0 19.93996,50.07126,0.0 19.94114,50.071,0.0 19.94147,50.07093,0.0 19.94162,50.07089,0.0 19.94187,50.07084,0.0 19.94254,50.07069,0.0 19.94336,50.0705,0.0 19.94343,50.07047,0.0 19.94347,50.07045,0.0 19.94378,50.07038,0.0 19.94396,50.07037,0.0 19.9442,50.07038,0.0 19.94444,50.07038,0.0 19.94469,50.07039,0.0 19.94482,50.0704,0.0 19.94496,50.07041,0.0 19.94496,50.0705,0.0 19.94496,50.0707,0.0 19.94495,50.0708,0.0 19.94494,50.07087,0.0 19.94492,50.07095,0.0 19.94487,50.0711,0.0 19.94485,50.07118,0.0 19.94484,50.07125,0.0 19.94483,50.07138,0.0 19.94482,50.0715,0.0 19.94481,50.07164,0.0 19.94477,50.07194,0.0 19.94483,50.07211,0.0 19.94484,50.0722,0.0 19.94484,50.07225,0.0 19.94484,50.0723,0.0 19.9448,50.07267,0.0 19.94477,50.07298,0.0 19.94476,50.07306,0.0 19.94476,50.07314,0.0 19.94476,50.07318,0.0 19.94477,50.07321,0.0 19.94478,50.07323,0.0 19.94478,50.07326,0.0 19.94481,50.0733,0.0 19.94484,50.07336,0.0 19.94492,50.07347,0.0 19.94504,50.07352,0.0 19.94514,50.07357,0.0 19.94524,50.07362,0.0 19.94537,50.07369,0.0 19.94546,50.07374,0.0 19.94556,50.0738,0.0 19.94568,50.07388,0.0 19.94578,50.07395,0.0 19.94589,50.07404,0.0 19.94596,50.07409,0.0 19.94604,50.07417,0.0 19.94611,50.07423,0.0 19.94627,50.07441,0.0 19.94638,50.07455,0.0 19.94644,50.07463,0.0 19.94663,50.07491,0.0 19.94683,50.07518,0.0 19.94706,50.07555,0.0 19.9471,50.0756,0.0 19.94737,50.07592,0.0 19.94744,50.076,0.0 19.94746,50.07603,0.0 19.94753,50.07613,0.0 19.94755,50.07617,0.0 19.94765,50.07631,0.0 19.94778,50.0765,0.0 19.94788,50.07664,0.0 19.94794,50.07672,0.0 19.94835,50.07728,0.0 19.94874,50.07779,0.0 19.94924,50.07852,0.0 19.94938,50.07871,0.0 19.94939,50.07873,0.0 19.94944,50.0788,0.0 19.9496,50.07904,0.0 19.94971,50.07919,0.0 19.94975,50.07926,0.0 19.94983,50.07936,0.0 19.94989,50.07944,0.0 19.95,50.0796,0.0 19.95007,50.0797,0.0 19.95013,50.07979,0.0 19.95038,50.08013,0.0 19.95047,50.08025,0.0 19.95057,50.08039,0.0 19.95064,50.08049,0.0 19.95073,50.08062,0.0 19.95081,50.08072,0.0 19.95096,50.08092,0.0 19.95097,50.08095,0.0 19.9514,50.08156,0.0 19.95199,50.08236,0.0 19.95245,50.08301,0.0 19.95257,50.08316,0.0 19.95294,50.08368,0.0 19.95302,50.0838,0.0 19.9533,50.0842,0.0 19.9534,50.08434,0.0 19.95344,50.0844,0.0 19.95354,50.08455,0.0 19.95358,50.0846,0.0 19.95377,50.08486,0.0 19.95389,50.08503,0.0 19.95409,50.08531,0.0 19.95415,50.08539,0.0 19.95433,50.08563,0.0 19.95441,50.08572,0.0 19.95442,50.08574,0.0 19.95449,50.08581,0.0 19.95465,50.086,0.0 19.95523,50.08584,0.0 19.95599,50.08561,0.0 19.95661,50.08542,0.0 19.95696,50.0853,0.0 19.957,50.08529,0.0 19.95706,50.08527,0.0 19.9573,50.08522,0.0 19.95755,50.08518,0.0 19.95776,50.08516,0.0 19.95783,50.08516,0.0 19.95795,50.08515,0.0 19.95817,50.08515,0.0 19.95839,50.08515,0.0 19.95861,50.08516,0.0 19.95869,50.08517,0.0 19.95873,50.08518,0.0 19.95875,50.08518,0.0 19.9588,50.08521,0.0 19.95893,50.08521,0.0 19.95908,50.08521,0.0 19.96,50.08517,0.0 19.96081,50.08512,0.0 19.96163,50.08508,0.0 19.96215,50.08506,0.0 19.96258,50.08503,0.0 19.96309,50.08501,0.0 19.96336,50.08499,0.0 19.96404,50.08496,0.0 19.96455,50.08493,0.0 19.96464,50.08494,0.0 19.96522,50.08493,0.0 19.96567,50.08493,0.0 19.96611,50.08493,0.0 19.96716,50.08496,0.0 19.96812,50.08499,0.0 19.97064,50.08507,0.0 19.97074,50.08507,0.0 19.97151,50.08509,0.0 19.97159,50.0851,0.0 19.97369,50.08519,0.0 19.97572,50.08534,0.0 19.97595,50.08535,0.0 19.9762,50.08536,0.0 19.97686,50.08543,0.0 19.97959,50.08574,0.0 19.97968,50.08575,0.0 19.97987,50.08577,0.0 19.98049,50.08584,0.0 19.98103,50.0859,0.0 19.98297,50.08612,0.0 19.98409,50.08624,0.0 19.98439,50.08627,0.0 19.98465,50.0863,0.0 19.98555,50.0864,0.0 19.98628,50.08649,0.0 19.98692,50.08657,0.0 19.98829,50.0867,0.0 19.99142,50.08706,0.0 19.99181,50.08711,0.0 19.99274,50.08718,0.0 19.99347,50.08723,0.0 19.99348,50.08723,0.0 19.99403,50.08725,0.0 19.99446,50.08729,0.0 19.99453,50.08729,0.0 19.99515,50.08732,0.0 19.99524,50.08732,0.0 19.99536,50.08732,0.0 19.99559,50.08733,0.0 19.99672,50.08738,0.0 19.99743,50.0874,0.0 19.99803,50.08743,0.0 19.99851,50.08745,0.0 19.99871,50.08746,0.0 19.99934,50.08751,0.0 19.99965,50.08751,0.0 20.00077,50.08757,0.0 20.00127,50.08759,0.0 20.00134,50.08722,0.0 20.0014,50.08695,0.0 20.00143,50.08678,0.0 20.00145,50.08656,0.0 20.00142,50.0864,0.0 20.00138,50.0862,0.0 20.00133,50.08607,0.0 20.00125,50.08594,0.0 20.00109,50.08571,0.0 20.00005,50.08465,0.0 20.00002,50.08463,0.0 19.99994,50.08456,0.0 19.99963,50.08425,0.0 19.99959,50.08421,0.0 19.99947,50.08408,0.0 19.99943,50.08403,0.0 19.99899,50.08354,0.0 19.99881,50.08322,0.0 19.99868,50.08302,0.0 19.99853,50.08272,0.0 19.99849,50.08257,0.0 19.99847,50.08251,0.0 19.99843,50.08223,0.0 19.99841,50.08212,0.0 19.99839,50.08195,0.0 19.99837,50.08152,0.0 19.99841,50.0813,0.0 19.99846,50.08112,0.0 19.99863,50.08057,0.0 19.99892,50.08008,0.0 19.99906,50.07989,0.0 19.99934,50.07953,0.0 19.9998,50.07892,0.0 20.00002,50.07865,0.0 20.00119,50.07712,0.0 20.00167,50.07647,0.0 20.00168,50.07644,0.0 20.00168,50.07642,0.0 20.00169,50.0764,0.0 20.00174,50.07633,0.0 20.00179,50.07626,0.0 20.00191,50.07608,0.0 20.00201,50.0759,0.0 20.00209,50.07573,0.0 20.00223,50.07537,0.0 20.00232,50.07515,0.0 20.00237,50.07506,0.0 20.00252,50.07481,0.0 20.00251,50.07475,0.0 20.00251,50.07472,0.0 20.0025,50.07469,0.0 20.0025,50.07466,0.0 20.00246,50.07455,0.0 20.00243,50.07452,0.0 20.00242,50.0745,0.0 20.00239,50.07448,0.0 20.00236,50.07446,0.0 20.00232,50.07442,0.0 20.00228,50.0744,0.0 20.00223,50.07438,0.0 20.00218,50.07436,0.0 20.00216,50.07435,0.0 20.00212,50.07434,0.0 20.00203,50.07432,0.0 20.00194,50.07431,0.0 20.00194,50.0743,0.0 20.00193,50.0743,0.0 20.00192,50.0743,0.0 20.00192,50.07429,0.0 20.00191,50.07428,0.0 20.00081,50.07416,0.0 19.99832,50.07403,0.0 19.9983,50.0743,0.0 19.99826,50.07456,0.0 19.99791,50.07454,0.0 19.99755,50.07452,0.0 19.9962,50.07444,0.0 19.99515,50.07438,0.0 19.99523,50.07386,0.0 19.99473,50.07383,0.0 19.99437,50.07381,0.0 19.99314,50.07375,0.0 19.99148,50.07366,0.0 19.99121,50.07365,0.0 19.99097,50.07365,0.0 19.99081,50.07365,0.0 19.99041,50.07363,0.0 19.9898,50.07359,0.0 19.98923,50.07354,0.0 19.98894,50.07352,0.0 19.98856,50.0735,0.0 19.98729,50.07343,0.0 19.98689,50.0734,0.0 19.98659,50.07336,0.0 19.98621,50.07328,0.0 19.98608,50.07324,0.0 19.98598,50.07322,0.0 19.98578,50.07315,0.0 19.98548,50.07304,0.0 19.98528,50.07294,0.0 19.98508,50.07284,0.0 19.98485,50.07269,0.0 19.98463,50.07253,0.0 19.98454,50.07246,0.0 19.98412,50.07214,0.0 19.9841,50.07213,0.0 19.9834,50.0716,0.0 19.98326,50.0715,0.0 19.98309,50.07136,0.0 19.98304,50.07132,0.0 19.98293,50.07123,0.0 19.98254,50.07093,0.0 19.98192,50.07046,0.0 19.98084,50.06963,0.0 19.97993,50.06895,0.0 19.97966,50.06876,0.0 19.97937,50.06856,0.0 19.97929,50.0685,0.0 19.97899,50.06834,0.0 19.97877,50.06825,0.0 19.97835,50.06809,0.0 19.97771,50.06786,0.0 19.97751,50.06779,0.0 19.9773,50.0677,0.0 19.97711,50.06763,0.0 19.97689,50.06755,0.0 19.9766,50.06744,0.0 19.97656,50.06742,0.0 19.97613,50.06727,0.0 19.97584,50.06716,0.0 19.97548,50.06704,0.0 19.9753,50.06699,0.0 19.97517,50.06695,0.0 19.97492,50.06688,0.0 19.97464,50.06682,0.0 19.97437,50.06678,0.0 19.9742,50.06676,0.0 19.97354,50.06672,0.0 19.9731,50.06669,0.0 19.97269,50.06668,0.0 19.97206,50.06666,0.0 19.97087,50.06662,0.0 19.97069,50.06661,0.0 19.97017,50.0666,0.0 19.97008,50.0666,0.0 19.96961,50.0666,0.0 19.96899,50.0666,0.0 19.96831,50.0666,0.0 19.96784,50.0666,0.0 19.96757,50.06661,0.0 19.96679,50.06662,0.0 19.9655,50.06665,0.0 19.96534,50.06665,0.0 19.96506,50.06664,0.0 19.96483,50.06663,0.0 19.96454,50.0666,0.0 19.9642,50.06655,0.0 19.96401,50.06653,0.0 19.96331,50.06643,0.0 19.96248,50.06633,0.0 19.96206,50.06627,0.0 19.96154,50.06623,0.0 19.96135,50.06623,0.0 19.96116,50.06625,0.0 19.96097,50.06627,0.0 19.9608,50.0663,0.0 19.96038,50.0664,0.0 19.95998,50.06649,0.0 19.95988,50.06651,0.0 19.95902,50.06672,0.0 19.95888,50.06672,0.0 19.9588,50.06673,0.0 19.95872,50.06672,0.0 19.95865,50.06672,0.0 19.95857,50.06671,0.0 19.95851,50.06669,0.0 19.95846,50.06667,0.0 19.95841,50.06664,0.0 19.95836,50.06661,0.0 19.95832,50.06656,0.0 19.95828,50.06652,0.0 19.95825,50.06645,0.0 19.95824,50.06638,0.0 19.95824,50.06631,0.0 19.95826,50.06623,0.0 19.95849,50.06583,0.0 19.95846,50.06576,0.0 19.95844,50.06568,0.0 19.95843,50.06567,0.0 19.95842,50.06565,0.0 19.9584,50.06563,0.0 19.95839,50.06562,0.0 19.95837,50.06561,0.0 19.95834,50.06559,0.0 19.95831,50.06558,0.0 19.95825,50.06556,0.0 19.95821,50.06556,0.0 19.95818,50.06556,0.0 19.95813,50.06556,0.0 19.95807,50.06556,0.0 19.958,50.06556,0.0 19.95784,50.06558,0.0 19.95756,50.06561,0.0 19.9573,50.06563,0.0 19.95716,50.06564,0.0 19.95704,50.06564,0.0 19.95695,50.06563,0.0 19.9561,50.06556,0.0 19.95592,50.06554,0.0 19.95556,50.06546,0.0 19.95547,50.06545,0.0 19.95468,50.06538,0.0 19.95454,50.06537,0.0 19.95324,50.06526,0.0 19.9519,50.06513,0.0 19.95159,50.0651,0.0 19.95025,50.06499,0.0 19.94988,50.06496,0.0 19.94938,50.06494,0.0 19.9492,50.06492,0.0 19.94887,50.06489,0.0 19.94777,50.06479,0.0 19.94758,50.06477,0.0 19.94692,50.06472,0.0 19.94652,50.06468,0.0 19.94532,50.0646,0.0 19.94529,50.0646,0.0 19.94516,50.06461,0.0 19.94501,50.06464,0.0 19.94502,50.06471,0.0 19.94502,50.0648,0.0 19.94503,50.06488,0.0 19.94504,50.06505,0.0 19.94508,50.06542,0.0 19.94508,50.06558,0.0 19.94508,50.06561,0.0 19.94509,50.06583,0.0 19.9451,50.06601,0.0 19.9451,50.0661,0.0 19.94511,50.06622,0.0 19.94511,50.06631,0.0 19.94511,50.0664,0.0 19.94512,50.06646,0.0 19.94515,50.06697,0.0</coordinates>
				</LineString>
			</Placemark>
			<Placemark>
				<name>Szlak 42, Kraków, Polska</name>
				<styleUrl>#icon-503-DB4436-nodesc</styleUrl>
				<Point>
					<coordinates>19.9406123,50.0717013,0.0</coordinates>
				</Point>
			</Placemark>
			<Placemark>
				<name>Pawia 9, Kraków, Polska</name>
				<styleUrl>#icon-503-DB4436-nodesc</styleUrl>
				<Point>
					<coordinates>19.945147,50.0669744,0.0</coordinates>
				</Point>
			</Placemark>
		</Folder>
		<Folder>
			<name>Trasa od Szlak 73, Kraków, Polska do prof. Michała Życzkowskiego 2, Kraków, Polska</name>
			<Placemark>
				<name>Trasa od Szlak 73, Kraków, Polska do prof. Michała Życzkowskiego 2, Kraków, Polska</name>
				<styleUrl>#line-1267FF-5-nodesc</styleUrl>
				<LineString>
					<tessellate>1</tessellate>
					<coordinates>19.94293,50.07126,0.0 19.94286,50.07118,0.0 19.94265,50.07089,0.0 19.94254,50.07069,0.0 19.94336,50.0705,0.0 19.94343,50.07047,0.0 19.94347,50.07045,0.0 19.94378,50.07038,0.0 19.94396,50.07037,0.0 19.9442,50.07038,0.0 19.94444,50.07038,0.0 19.94469,50.07039,0.0 19.94482,50.0704,0.0 19.94496,50.07041,0.0 19.94496,50.0705,0.0 19.94496,50.0707,0.0 19.94495,50.0708,0.0 19.94494,50.07087,0.0 19.94492,50.07095,0.0 19.94487,50.0711,0.0 19.94485,50.07118,0.0 19.94484,50.07125,0.0 19.94483,50.07138,0.0 19.94482,50.0715,0.0 19.94481,50.07164,0.0 19.94477,50.07194,0.0 19.94483,50.07211,0.0 19.94484,50.0722,0.0 19.94484,50.07225,0.0 19.94484,50.0723,0.0 19.9448,50.07267,0.0 19.94477,50.07298,0.0 19.94476,50.07306,0.0 19.94476,50.07314,0.0 19.94476,50.07318,0.0 19.94477,50.07321,0.0 19.94478,50.07323,0.0 19.94478,50.07326,0.0 19.94481,50.0733,0.0 19.94484,50.07336,0.0 19.94492,50.07347,0.0 19.94504,50.07352,0.0 19.94514,50.07357,0.0 19.94524,50.07362,0.0 19.94537,50.07369,0.0 19.94546,50.07374,0.0 19.94556,50.0738,0.0 19.94568,50.07388,0.0 19.94578,50.07395,0.0 19.94589,50.07404,0.0 19.94596,50.07409,0.0 19.94604,50.07417,0.0 19.94611,50.07423,0.0 19.94627,50.07441,0.0 19.94638,50.07455,0.0 19.94644,50.07463,0.0 19.94663,50.07491,0.0 19.94683,50.07518,0.0 19.94706,50.07555,0.0 19.9471,50.0756,0.0 19.94737,50.07592,0.0 19.94744,50.076,0.0 19.94746,50.07603,0.0 19.94753,50.07613,0.0 19.94755,50.07617,0.0 19.94765,50.07631,0.0 19.94778,50.0765,0.0 19.94788,50.07664,0.0 19.94794,50.07672,0.0 19.94835,50.07728,0.0 19.94874,50.07779,0.0 19.94924,50.07852,0.0 19.94946,50.07846,0.0 19.95038,50.07818,0.0 19.95083,50.07803,0.0 19.9511,50.07795,0.0 19.95169,50.07776,0.0 19.95309,50.07734,0.0 19.95428,50.07696,0.0 19.95487,50.07678,0.0 19.95533,50.07664,0.0 19.95558,50.07656,0.0 19.9562,50.07636,0.0 19.95785,50.07585,0.0 19.95814,50.07576,0.0 19.95804,50.07562,0.0 19.95791,50.07539,0.0 19.95777,50.07516,0.0 19.95722,50.07441,0.0 19.95808,50.07417,0.0 19.95814,50.07414,0.0 19.95862,50.07401,0.0 19.95874,50.07398,0.0 19.95885,50.07395,0.0 19.95998,50.07374,0.0 19.96188,50.07337,0.0 19.96376,50.07298,0.0 19.96424,50.07288,0.0 19.96522,50.07268,0.0 19.9655,50.07296,0.0 19.96579,50.07326,0.0 19.96689,50.07442,0.0 19.96761,50.07525,0.0 19.96818,50.07587,0.0 19.96857,50.07626,0.0 19.96938,50.07702,0.0 19.97003,50.07761,0.0 19.97117,50.07863,0.0 19.97152,50.07895,0.0 19.97164,50.07906,0.0 19.97197,50.07936,0.0 19.97212,50.07949,0.0 19.97254,50.07986,0.0 19.97263,50.07993,0.0 19.97271,50.07999,0.0 19.97282,50.08003,0.0 19.97284,50.08003,0.0 19.97303,50.08016,0.0 19.97339,50.08037,0.0 19.97344,50.0804,0.0 19.97347,50.08042,0.0 19.9735,50.08049,0.0 19.97351,50.08049,0.0 19.97352,50.08049,0.0 19.97353,50.08049,0.0 19.97354,50.08049,0.0 19.97355,50.08049,0.0 19.97358,50.08049,0.0 19.97361,50.08049,0.0 19.97365,50.08049,0.0 19.97368,50.0805,0.0 19.97371,50.08051,0.0 19.97374,50.08052,0.0 19.97376,50.08053,0.0 19.97379,50.08055,0.0 19.97381,50.08056,0.0 19.97383,50.08058,0.0 19.97385,50.0806,0.0 19.97387,50.08062,0.0 19.97388,50.08064,0.0 19.97389,50.08066,0.0 19.97389,50.08068,0.0 19.97389,50.0807,0.0 19.97389,50.08074,0.0 19.97389,50.08075,0.0 19.97388,50.08076,0.0 19.97388,50.08077,0.0 19.97392,50.08081,0.0 19.97394,50.08086,0.0 19.97396,50.08091,0.0 19.97401,50.08099,0.0 19.97405,50.08104,0.0 19.97408,50.08108,0.0 19.97412,50.08112,0.0 19.97416,50.08115,0.0 19.97419,50.08117,0.0 19.97428,50.08123,0.0 19.97443,50.08127,0.0 19.97452,50.0813,0.0 19.97461,50.08132,0.0 19.97477,50.08134,0.0 19.97506,50.08136,0.0 19.97515,50.08136,0.0 19.97547,50.08137,0.0 19.97584,50.08139,0.0 19.97619,50.08141,0.0 19.97638,50.08142,0.0 19.97663,50.08146,0.0 19.97766,50.0816,0.0 19.97778,50.08161,0.0 19.97835,50.08169,0.0 19.97858,50.08159,0.0 19.97878,50.0815,0.0 19.979,50.0814,0.0 19.9793,50.08124,0.0 19.97962,50.08109,0.0 19.97978,50.08099,0.0 19.97995,50.0809,0.0 19.98006,50.08083,0.0 19.98041,50.08061,0.0 19.98061,50.08047,0.0 19.98123,50.08005,0.0 19.98162,50.07979,0.0 19.98184,50.07962,0.0 19.98197,50.07953,0.0 19.98206,50.07945,0.0 19.98222,50.0793,0.0 19.98251,50.07899,0.0 19.98281,50.07868,0.0 19.98302,50.07846,0.0 19.98344,50.07799,0.0 19.98358,50.07784,0.0 19.98372,50.07767,0.0 19.98383,50.07751,0.0 19.98394,50.07733,0.0 19.98401,50.07723,0.0 19.98407,50.07715,0.0 19.98436,50.07682,0.0 19.98454,50.07664,0.0 19.98475,50.07645,0.0 19.98484,50.07636,0.0 19.98498,50.07623,0.0 19.98513,50.07609,0.0 19.98535,50.0759,0.0 19.98542,50.07583,0.0 19.98548,50.07575,0.0 19.98553,50.07569,0.0 19.98557,50.07563,0.0 19.9856,50.07557,0.0 19.98565,50.07548,0.0 19.98574,50.07525,0.0 19.98579,50.07507,0.0 19.98581,50.07497,0.0 19.98581,50.07482,0.0 19.98581,50.07468,0.0 19.9858,50.07456,0.0 19.98576,50.07441,0.0 19.98572,50.07422,0.0 19.98563,50.07373,0.0 19.98585,50.07339,0.0 19.98598,50.07322,0.0 19.98601,50.07317,0.0 19.98605,50.07312,0.0 19.98609,50.07308,0.0 19.98629,50.07313,0.0 19.9865,50.07318,0.0 19.98674,50.07323,0.0 19.98696,50.07325,0.0 19.98717,50.07327,0.0 19.98721,50.07328,0.0 19.98746,50.07329,0.0 19.98763,50.0733,0.0 19.98799,50.07331,0.0 19.98835,50.07332,0.0 19.98983,50.0734,0.0 19.9905,50.07344,0.0 19.99098,50.07348,0.0 19.99126,50.0735,0.0 19.99224,50.07355,0.0 19.99272,50.07358,0.0 19.99347,50.0736,0.0 19.99371,50.07361,0.0 19.99442,50.07365,0.0 19.99498,50.07368,0.0 19.99526,50.0737,0.0 19.99524,50.07377,0.0 19.99524,50.07381,0.0 19.99523,50.07386,0.0 19.99515,50.07438,0.0 19.99509,50.07487,0.0</coordinates>
				</LineString>
			</Placemark>
			<Placemark>
				<name>Szlak 73, Kraków, Polska</name>
				<styleUrl>#icon-503-DB4436-nodesc</styleUrl>
				<Point>
					<coordinates>19.9429324,50.0712649,0.0</coordinates>
				</Point>
			</Placemark>
			<Placemark>
				<name>prof. Michała Życzkowskiego 2, Kraków, Polska</name>
				<styleUrl>#icon-503-DB4436-nodesc</styleUrl>
				<Point>
					<coordinates>19.9950852,50.0748737,0.0</coordinates>
				</Point>
			</Placemark>
		</Folder>
		<Folder>
			<name>Trasa od Pawia 22, Kraków, Polska do Helclów 27, Kraków, Polska</name>
			<Placemark>
				<name>Trasa od Pawia 22, Kraków, Polska do Helclów 27, Kraków, Polska</name>
				<styleUrl>#line-1267FF-5-nodesc</styleUrl>
				<LineString>
					<tessellate>1</tessellate>
					<coordinates>19.94513,50.06755,0.0 19.94512,50.06746,0.0 19.9451,50.06734,0.0 19.94509,50.06727,0.0 19.9437,50.06727,0.0 19.94356,50.06727,0.0 19.94328,50.06726,0.0 19.94286,50.06726,0.0 19.94282,50.06727,0.0 19.94279,50.06728,0.0 19.94277,50.06728,0.0 19.94275,50.0673,0.0 19.94273,50.06731,0.0 19.94272,50.06734,0.0 19.94271,50.06736,0.0 19.94271,50.06741,0.0 19.94277,50.06754,0.0 19.9427,50.06756,0.0 19.94178,50.06783,0.0 19.94122,50.06801,0.0 19.94012,50.06835,0.0 19.9393,50.06861,0.0 19.93903,50.0687,0.0 19.93877,50.06877,0.0 19.93824,50.0689,0.0 19.93821,50.06894,0.0 19.93818,50.06898,0.0 19.93787,50.06929,0.0 19.93794,50.06932,0.0 19.93796,50.06933,0.0 19.93797,50.06934,0.0 19.93801,50.06938,0.0 19.93824,50.06979,0.0 19.93872,50.07063,0.0 19.93902,50.07113,0.0 19.93918,50.07143,0.0 19.93996,50.07126,0.0 19.94018,50.0717,0.0 19.9404,50.0722,0.0</coordinates>
				</LineString>
			</Placemark>
			<Placemark>
				<name>Pawia 22, Kraków, Polska</name>
				<styleUrl>#icon-503-DB4436-nodesc</styleUrl>
				<Point>
					<coordinates>19.9451304,50.0675464,0.0</coordinates>
				</Point>
			</Placemark>
			<Placemark>
				<name>Helclów 27, Kraków, Polska</name>
				<styleUrl>#icon-503-DB4436-nodesc</styleUrl>
				<Point>
					<coordinates>19.940401,50.0722042,0.0</coordinates>
				</Point>
			</Placemark>
		</Folder>
		<Style id='icon-503-DB4436-nodesc-normal'>
			<IconStyle>
				<color>ff3644DB</color>
				<scale>1.1</scale>
				<Icon>
					<href>http://www.gstatic.com/mapspro/images/stock/503-wht-blank_maps.png</href>
				</Icon>
				<hotSpot x='16' y='31' xunits='pixels' yunits='insetPixels'>
				</hotSpot>
			</IconStyle>
			<LabelStyle>
				<scale>0.0</scale>
			</LabelStyle>
			<BalloonStyle>
				<text><![CDATA[<h3>$[name]</h3>]]></text>
			</BalloonStyle>
		</Style>
		<Style id='icon-503-DB4436-nodesc-highlight'>
			<IconStyle>
				<color>ff3644DB</color>
				<scale>1.1</scale>
				<Icon>
					<href>http://www.gstatic.com/mapspro/images/stock/503-wht-blank_maps.png</href>
				</Icon>
				<hotSpot x='16' y='31' xunits='pixels' yunits='insetPixels'>
				</hotSpot>
			</IconStyle>
			<LabelStyle>
				<scale>1.1</scale>
			</LabelStyle>
			<BalloonStyle>
				<text><![CDATA[<h3>$[name]</h3>]]></text>
			</BalloonStyle>
		</Style>
		<StyleMap id='icon-503-DB4436-nodesc'>
			<Pair>
				<key>normal</key>
				<styleUrl>#icon-503-DB4436-nodesc-normal</styleUrl>
			</Pair>
			<Pair>
				<key>highlight</key>
				<styleUrl>#icon-503-DB4436-nodesc-highlight</styleUrl>
			</Pair>
		</StyleMap>
		<Style id='line-1267FF-5-nodesc-normal'>
			<LineStyle>
				<color>ffFF6712</color>
				<width>5</width>
			</LineStyle>
			<BalloonStyle>
				<text><![CDATA[<h3>$[name]</h3>]]></text>
			</BalloonStyle>
		</Style>
		<Style id='line-1267FF-5-nodesc-highlight'>
			<LineStyle>
				<color>ffFF6712</color>
				<width>8.0</width>
			</LineStyle>
			<BalloonStyle>
				<text><![CDATA[<h3>$[name]</h3>]]></text>
			</BalloonStyle>
		</Style>
		<StyleMap id='line-1267FF-5-nodesc'>
			<Pair>
				<key>normal</key>
				<styleUrl>#line-1267FF-5-nodesc-normal</styleUrl>
			</Pair>
			<Pair>
				<key>highlight</key>
				<styleUrl>#line-1267FF-5-nodesc-highlight</styleUrl>
			</Pair>
		</StyleMap>
	</Document>
</kml>
